928
294 412
435 687
402 840
56 5
193 67
148 859
108 167
62 516
668 414
202 467
44 214
484 600
232 913
196 437
183 564
152 64
420 12
514 224
393 454
182 204
294 136
226 659
145 86
112 221
271 629
426 697
334 139
83 549
869 783
623 704
696 670
96 239
3 6
320 329
55 120
555 117
160 306
846 454
147 29
719 370
250 754
377 702
1 23
371 735
55 349
176 552
134 432
353 96
75 212
345 771
451 436
205 408
542 442
460 325
411 234
459 477
540 272
85 431
217 510
892 207
4 30
388 496
592 861
584 663
255 884
618 928
804 403
135 3
11 248
890 303
113 14
688 473
15 17
22 261
371 387
791 467
225 195
6 35
193 802
344 343
789 874
90 649
660 220
56 825
650 284
514 533
445 18
675 79
185 698
17 435
5 40
192 851
159 220
267 78
132 464
219 8
226 317
31 249
535 125
487 813
316 352
796 365
747 288
48 122
182 413
421 80
546 16
438 330
33 16
599 431
63 209
386 119
487 530
27 110
512 262
357 306
104 80
320 162
887 480
273 265
300 240
848 624
231 133
799 289
163 104
599 780
32 23
141 176
260 400
232 1
120 364
819 772
70 257
830 462
896 684
80 51
133 141
511 268
14 12
69 16
233 921
44 180
14 53
531 256
761 339
49 50
361 227
70 62
585 200
683 858
753 159
119 55
132 115
712 601
471 768
287 189
670 257
683 745
488 646
926 624
10 755
68 550
198 833
219 291
567 297
410 55
186 15
586 411
105 342
296 261
119 579
236 318
292 147
52 166
493 438
509 135
855 158
6 202
842 236
265 14
53 76
689 641
180 462
14 179
190 251
402 250
348 156
126 488
618 490
546 726
327 51
77 73
401 363
222 145
312 266
35 78
359 125
430 475
877 783
41 37
138 14
374 388
108 290
162 196
682 710
572 644
828 481
60 153
545 729
307 152
817 525
336 16
163 479
582 730
871 491
450 305
472 785
384 276
77 92
727 503
502 503
131 233
52 371
200 4
126 107
31 37
547 156
155 119
78 881
724 699
212 358
447 48
691 758
391 360
243 315
6 54
638 466
142 757
149 128
113 525
143 458
122 904
525 795
822 377
113 655
685 55
223 602
185 33
808 396
246 45
744 602
834 65
183 126
299 470
5 58
333 227
807 100
845 432
192 70
559 122
480 85
286 233
872 209
162 130
308 75
282 119
245 43
720 439
671 278
621 536
266 764
19 13
864 715
239 829
417 115
302 3
42 32
181 870
617 403
28 576
142 72
917 687
651 60
314 281
189 415
44 49
60 115
557 853
70 109
2 367
3 2
399 665
373 396
590 56
494 587
15 22
625 500
60 924
8 26
325 200
128 101
259 504
99 266
295 394
379 236
393 138
332 290
39 100
551 875
72 131
205 10
377 306
611 751
195 772
619 417
582 299
730 900
630 679
67 51
373 253
31 25
14 218
886 523
182 180
181 144
703 709
319 416
515 241
258 26
202 643
56 578
570 547
760 399
148 4
356 354
195 44
108 84
18 139
400 857
714 184
81 118
636 544
272 254
230 130
67 191
507 385
183 211
258 733
146 484
342 433
127 29
619 895
384 407
81 31
125 63
604 313
577 154
343 312
124 56
268 557
385 409
398 453
58 102
18 223
260 252
97 594
170 177
612 162
723 888
345 38
263 2
54 172
145 425
784 616
4 28
90 13
4 500
246 522
126 372
97 43
547 565
588 505
499 37
270 237
25 217
641 2
788 182
44 82
228 442
385 62
678 621
653 487
496 672
159 68
4 20
308 427
51 13
843 223
263 452
528 332
50 897
149 717
883 152
622 491
186 213
51 190
563 143
262 20
2 123
523 479
583 286
736 567
815 446
11 16
64 41
839 211
642 163
585 787
341 62
18 73
206 543
562 488
752 676
731 470
645 346
317 596
27 105
41 866
234 231
374 776
640 408
159 189
23 133
750 281
116 330
837 68
94 206
52 86
675 792
22 392
380 99
571 367
502 18
184 328
277 429
199 278
756 599
422 88
595 135
860 663
279 340
439 338
355 566
96 174
568 789
558 348
212 440
198 42
737 63
247 159
461 824
1 2
393 770
3 4
40 268
326 378
157 71
526 80
321 852
158 156
419 356
250 120
333 759
609 432
571 656
647 274
700 317
658 363
66 457
527 666
296 381
388 428
844 558
93 80
743 596
532 905
741 554
168 44
237 574
156 238
748 344
624 894
404 740
187 370
22 107
112 674
47 116
96 54
835 478
210 276
569 495
661 390
343 742
107 156
531 916
66 28
516 786
506 370
636 676
632 360
440 703
372 882
906 314
575 275
415 624
782 909
225 337
232 298
713 27
12 154
143 295
133 591
683 721
12 18
779 742
838 833
120 271
664 476
783 781
483 803
579 581
323 226
79 279
59 136
614 307
124 339
899 199
212 476
403 21
84 369
9 5
218 482
256 210
173 346
465 84
75 20
52 4
65 35
488 898
414 260
536 337
537 328
244 190
10 366
221 350
444 707
55 32
728 732
303 469
218 463
436 225
316 52
182 188
749 636
718 477
826 791
914 13
48 8
734 250
95 75
6 38
299 79
47 117
762 440
205 699
128 310
384 691
282 517
915 618
127 706
867 120
79 23
184 107
204 216
105 161
736 775
235 199
363 121
88 28
438 800
485 140
36 376
85 18
551 379
166 798
849 90
57 74
288 262
114 173
693 769
117 508
373 927
542 818
572 255
158 568
836 404
63 5
102 677
354 93
114 197
232 781
247 253
57 15
395 156
389 108
142 597
3 46
684 167
275 48
360 146
429 766
183 319
36 498
705 665
3 12
15 178
513 606
424 324
210 322
263 532
312 879
601 806
491 300
228 40
197 365
131 486
80 106
847 856
335 291
873 372
52 62
374 74
55 164
862 28
85 241
920 879
218 242
57 648
474 400
538 13
79 782
811 178
160 252
404 89
128 227
470 521
810 685
351 541
728 171
483 662
519 100
738 208
351 16
673 454
373 580
773 922
441 219
178 801
494 469
20 708
118 129
112 210
693 555
681 249
24 399
31 171
794 780
657 48
818 923
109 426
30 39
403 423
652 445
801 885
405 289
61 1
189 472
436 615
827 264
100 121
534 363
354 631
21 103
87 114
285 100
178 443
459 10
584 543
227 686
223 455
554 626
360 925
868 175
6 7
730 910
821 543
134 338
48 91
444 420
345 418
711 372
603 308
50 255
747 767
478 272
486 605
376 397
194 83
326 106
293 489
865 598
48 243
187 471
215 45
911 608
15 27
134 40
901 663
608 521
508 627
812 668
350 492
44 41
71 54
63 311
291 303
173 398
444 561
84 137
66 820
236 95
32 34
1 170
329 790
893 837
61 150
129 878
777 763
141 715
68 61
560 402
271 331
778 270
639 25
401 524
1 25
613 168
434 433
51 87
15 43
847 492
215 277
270 816
488 805
29 6
527 155
84 375
313 368
214 694
254 33
326 623
165 98
64 382
277 305
889 196
220 529
692 615
266 430
269 174
17 146
635 690
626 773
1 130
554 695
118 669
701 498
394 682
324 175
167 466
226 301
180 199
237 230
300 611
907 515
14 84
616 502
422 763
44 309
680 637
335 495
225 229
25 101
4 10
40 716
520 202
490 203
528 634
137 224
254 289
36 746
384 553
3 5
151 5
461 233
47 45
12 45
545 458
539 479
172 347
358 589
902 204
143 90
15 281
309 667
268 573
548 298
240 92
120 446
292 908
610 316
654 204
173 175
505 28
89 11
416 912
215 383
813 814
370 918
59 46
592 108
99 77
94 59
108 283
453 854
64 284
15 12
501 52
100 144
635 571
110 187
850 777
274 18
601 370
841 334
220 456
765 29
294 483
152 823
36 9
124 832
